1589040901516 0.012033939361572266 0
1589040901542 0.0031938552856445312 0
1589040901566 0.0034742355346679688 0
1589040901614 0.002161741256713867 0
1589040901637 0.0024979114532470703 0
1589040901663 0.0028562545776367188 0
1589040901674 0.0012040138244628906 0
1589040901683 0.0009150505065917969 0
1589040901699 0.0015981197357177734 0
1589040901715 0.0009517669677734375 0
1589040901724 0.0009069442749023438 0
1589040901810 0.0014061927795410156 0
1589040901820 0.0010221004486083984 0
1589040901830 0.0009469985961914062 0
