1589040901516 0.05835080146789551 0
1589040901542 0.013143062591552734 0
1589040901566 0.012950897216796875 0
1589040901614 0.03470277786254883 0
1589040901637 0.01127004623413086 0
1589040901663 0.015520811080932617 0
1589040901674 0.002505064010620117 0
1589040901683 0.0013439655303955078 0
1589040901699 0.00627899169921875 0
1589040901715 0.004764080047607422 0
1589040901724 0.0013580322265625 0
1589040901810 0.07748675346374512 0
1589040901820 0.0014998912811279297 0
1589040901830 0.0013377666473388672 0
